17614
17614
17614
17614
17614
17614
17614
17614
17614
17614
17614
17614
17614
17614
17614
17614
17614
17614
17614
17614
17614
17614
17614
17614
17614
17614
17614
17614
17614
17614
17614
17614
17614
17614
17614
17614
17614
17614
17614
17614
17614
17614
17614
17614
17614
17614
17614
17614
17614
17614
17614
17614
17614
17614
17614
17614
17614
17614
17614
17614
17614
17614
17614
17614
17614
17614
17614
17614
300600
300600
300600
300600
300600
300600
300600
300600
353630
353630
353630
353630
353630
353630
353630
353630
353630
353630
353630
353630
353630
353630
353630
353630
353630
353630
353630
353630
353630
353630
353630
353630
353630
353630
353630
353630
353630
353630
353630
353630
353630
353630
353630
353630
353630
353630
353630
353630
353630
353630
353630
353630
353630
353630
353630
353630
353630
353630
353630
357394
357394
357394
357394
357394
357394
357394
357394
357394
357394
357394
357394
357394
357394
357394
357394
357394
357394
357394
357394
357394
357394
357394
357394
357394
357394
357394
357394
357394
357394
357394
357394
357394
357394
357394
357394
357394
357394
357394
357394
357394
357394
357394
357394
357394
357394
357394
357394
357394
357394
357394
357394
357394
357394
357394
357394
357394
357394
357394
357394
357394
357394
357394
357394
357394
357394
357394
357394
357394
357394
357394
357394
357394
357394
357394
4548421
4548421
4548421
4548421
4548421
568234
568234
568234
568234
568234
568234
568234
568234
568234
568234
568234
568234
568234
568234
568234
568234
568234
568234
568234
568234
568234
568234
568234
568234
568234
568234
568234
568234
568234
568234
568234
568234
568234
568234
568234
568234
568234
568234
568234
568234
568234
568234
568234
568234
568234
568234
568234
568234
568234
568234
568234
568234
568234
568234
568234
568234
568234
568234
568234
568234
568234
568234
568234
568234
568234
568234
568234
568234
568234
568234
568234
568235
568235
568235
568235
568235
568235
568235
568235
568235
568235
568235
568235
568235
568235
568235
568235
568235
568235
568235
568235
568235
568235
568235
568235
568235
568235
568235
568235
568235
568235
568235
568235
568235
568235
568235
568235
568235
568235
568235
568235
568235
568235
568235
568235
568235
568235
568235
568235
568235
568235
568235
568235
568235
568235
568235
568235
568235
568235
568235
568235
568235
588664
588664
588664
588664
588664
588664
588664
588664
588664
588664
588664
588664
588664
588664
588664
588664
588664
588664
588664
588664
588664
588664
588664
588664
588664
588664
588664
588664
588664
588664
588664
588664
588664
588664
588664
588664
588664
588664
588664
588664
588664
588664
588664
588664
588664
588664
588664
588664
588664
588664
588664
588664
588664
588664
588664
58967
58967
58996
58996
58996
65933
65933
65933
65933
65933
65933
65933
65933
65933
65933
65933
65933
65933
65933
65933
65933
65933
65933
65933
65933
65933
65933
65933
65933
65933
65933
65933
65933
65933
65933
65933
65933
65933
65933
65933
65933
65933
65933
65933
65933
65933
65933
65933
65933
65933
65933
65933
65933
65933
65933
65933
65933
65933
65933
65933
65933
65933
65933
65933
65933
677678
677678
677678
677678
677678
677678
677678
677678
677678
677678
677679
677679
677679
677679
677679
677679
677679
67811
67811
67811
67811
67811
67811
67811
67811
67811
67811
67811
67811
67811
67811
67811
67811
67811
67811
67811
67811
67811
67811
67811
67812
67812
67812
67816
67816
67816
67816
67816
67816
67816
67816
67816
67816
67816
67816
67816
67816
67818
67818
67818
67818
67818
67818
67818
67818
67818
67818
67818
67818
67818
67818
67821
67823
67823
67823
67823
67823
67823
67823
67823
67823
67823
67823
67831
67831
67831
67831
67831
67831
67831
67831
67831
67831
67831
67831
67831
67831
67831
67831
67831
67831
67831
67831
67831
67831
67831
67831
67831
67831
67831
67831
67831
67831
67831
67832
67832
67832
67832
67832
67832
67832
67832
67832
67832
67832
67832
67832
67832
67832
67832
67832
67832
67832
67832
67832
67832
67832
67832
67832
67832
67832
67832
67832
67832
67832
67832
67832
67832
67832
67832
67832
67832
67832
67832
67832
67832
67832
67832
67832
67832
67832
67832
67832
67832
67832
67832
67832
67832
67832
67832
67832
67832
67832
67832
67832
67832
67832
67832
67832
67832
67832
67832
67832
67832
67832
67832
67832
67840
67847
67847
67847
67847
67847
67847
67847
67847
67847
67847
67847
67847
67847
67847
67847
67847
67847
67847
67847
67847
67871
67871
67871
67871
67871
67871
67871
67871
67871
67871
67871
67871
67871
67871
67871
67871
67871
67871
67871
67871
67871
67871
67872
67872
67872
67872
67872
67872
67872
67872
67872
67872
67872
67872
67872
67872
67872
67872
67872
67872
67872
67872
67872
67872
67872
67872
67872
67872
67880
67880
67880
67880
67880
67880
67880
67880
67880
67880
67880
67880
67880
67880
67880
67880
67880
67880
67880
67880
68101
68101
68101
68101
68101
68101
68101
68101
68101
68927
68927
68927
68927
68927
68928
68928
68928
68928
68928
68928
68928
68928
68928
68928
68928
68928
68928
68928
68928
786464
786464
786464
786464
786464
786464
786464
786464
786464
786464
786464
786464
786464
786464
786464
786464
786464
786464
786464
786464
786464
786464
786464
786464
786464
786464
786464
786464
786464
786464
786464
786464
786464
786464
786464
786464
786464
786464
906243
906243
906243
906243
906243
906243
906243
906243
906243
906243
906243
906243
906243
906243
906243
906243
906243
906243
906243
906243
906243
906243
906243
906243
906243
906243
906243
906246
906246
906246
906246
906246
906246
906246
906246
906246
906246
906246
906246
906246
906246
906246
906246
906246
906246
906246
906246
906246
906246
906246
906246
906246
906246
906247
906247
906247
906247
906247
906247
906247
906247
906247
906247
906247
906247
906247
906247
906247
906247
906247
906247
906247
906247
906247
906247
906247
906247
906247
906248
906248
906248
906248
906248
906248
906248
906248
906248
906248
906248
906248
906248
906248
906248
906248
906248
906248
906248
906248
906248
906248
906248
906248
906248
906248
906248
906248
906248
906248
906248
906248
906248
906248
906248
906248
906248
906248
906248
906248
906248
906249
906249
906249
906249
906249
906249
906249
906249
906249
906249
906249
906249
906249
906249
906249
906249
906249
906249
906249
906249
906251
906251
906251
906251
906251
906251
906251
906251
906251
906251
906251
906251
906251
906251
906251
906252
906252
906252
906252
906252
906252
906252
906252
906252
906252
906252
906252
906252
906252
906252
906252
906252
944382
944382
944382
944382
944382
944382
944382
944382
944382
944382
944382
944382
944382
944382
944382
944382
944382
944382
944382
944382
944382
944382
944382
944382
944382
944382
944382
